4294967279,103
4294967279,102
4294967279,101
4294967279,100
4294967279,113
4294967279,112
4294967279,111
4294967279,110
4294967279,109
4294967279,108
4294967279,107
4294967279,106
4294967279,105
4294967279,104
4294967278,210
77,5
4294967278,204
77,4
77,3
77,2
77,1
4294967278,203
4294967294,1242
4294967278,201
76,5
76,4
4294967278,200
76,3
76,2
76,1
4294967278,199
75,5
4294967278,197
75,4
75,3
75,2
75,1
4294967278,196
4294967279,454
4294967278,189
4294967278,277
74,5
4294967278,183
74,4
74,3
74,2
74,1
4294967278,182
4294967278,181
4294967278,180
73,5
73,4
4294967278,179
73,3
73,2
73,1
4294967278,388
4294967294,115
4294967278,178
4294967279,453
72,5
4294967278,176
72,4
72,3
72,2
72,1
4294967278,175
4294967294,388
4294967279,115
4294967279,114
4294967279,121
4294967279,120
4294967279,119
4294967279,118
4294967279,117
4294967279,116
4294967278,387
4294967279,452
4294967278,166
4294967278,165
4294967278,6
4294967278,5
4294967278,4
4294967279,132
4294967279,131
4294967279,130
4294967279,129
4294967279,128
4294967279,127
4294967279,126
4294967279,125
4294967279,124
4294967279,123
4294967279,122
4294967279,451
4294967278,162
4294967278,30
4294967278,29
4294967278,28
4294967278,27
4294967278,26
4294967278,25
4294967278,24
4294967278,23
4294967278,22
4294967278,21
4294967278,20
4294967278,19
4294967278,18
4294967278,17
4294967278,16
4294967278,15
4294967278,14
4294967278,13
4294967278,12
4294967278,11
4294967278,10
4294967278,9
4294967278,8
4294967278,7
4294967279,23
4294967279,21
4294967279,20
4294967279,18
4294967279,17
4294967279,15
4294967279,13
4294967279,10
4294967294,1072
4294967294,186
71,5
4294967278,157
71,4
71,3
71,2
71,1
4294967278,156
4294967294,1248
4294967294,1065
4294967294,1158
4294967294,1160
4294967294,1075
4294967294,190
4294967294,1153
4294967278,386
4294967278,0
4294967279,450
4294967279,0
4294967278,154
70,5
70,4
4294967278,153
70,3
70,2
70,1
4294967278,152
69,5
4294967278,150
69,4
69,3
69,2
69,1
4294967278,149
4294967278,36
4294967278,35
4294967278,34
4294967294,393
4294967294,389
4294967294,120
4294967294,114
4294967278,33
4294967278,32
4294967294,107
4294967294,92
4294967294,91
4294967294,88
4294967294,86
4294967294,85
4294967294,29
4294967294,53
4294967294,439
4294967294,430
4294967294,44
4294967294,40
4294967294,38
4294967278,31
4294967294,99
4294967294,36
4294967294,41
4294967294,43
4294967294,52
4294967294,1163
4294967294,1249
4294967294,83
4294967278,132
4294967278,131
4294967278,125
4294967278,124
4294967278,121
4294967278,120
4294967278,114
4294967278,113
4294967278,110
4294967278,109
4294967278,104
4294967278,103
4294967278,102
4294967278,101
4294967278,100
4294967278,99
4294967278,98
4294967278,97
4294967278,96
4294967278,95
4294967278,94
4294967278,93
4294967278,92
4294967278,91
4294967278,90
4294967278,89
4294967278,87
4294967278,86
4294967278,85
4294967278,84
4294967278,83
4294967278,82
4294967278,81
4294967278,80
4294967278,79
4294967278,78
4294967278,77
4294967278,76
4294967278,75
4294967278,74
4294967278,73
4294967278,72
4294967278,71
4294967278,70
4294967278,69
4294967278,68
4294967278,67
4294967278,66
4294967278,65
4294967278,64
4294967278,63
4294967278,62
4294967278,61
4294967278,60
4294967278,59
4294967278,58
4294967278,57
4294967278,56
4294967278,55
4294967278,54
4294967278,53
4294967278,52
4294967278,51
4294967278,50
4294967278,49
4294967278,48
4294967278,47
4294967278,46
4294967278,45
4294967278,44
4294967278,43
4294967278,42
4294967278,41
4294967278,40
4294967278,39
4294967278,38
4294967278,37
4294967279,14
4294967279,7
4294967279,6
4294967279,4
68,5
68,4
68,3
68,2
68,1
4294967279,24
67,5
67,4
4294967279,137
67,3
67,2
67,1
4294967294,5
4294967294,1247
4294967294,1068
4294967279,22
4294967294,399
4294967294,187
4294967294,421
4294967294,178
4294967294,179
4294967294,407
4294967294,398
4294967294,403
4294967294,167
4294967294,415
4294967294,599
4294967294,425
4294967294,455
4294967294,116
4294967294,461
4294967294,404
4294967294,467
4294967279,133
4294967279,276
4294967279,19
66,5
66,4
66,3
66,2
66,1
4294967279,272
4294967279,16
4294967294,89
65,5
65,4
4294967279,269
65,3
65,2
65,1
4294967294,387
4294967279,287
4294967279,11
4294967279,286
4294967279,12
4294967279,9
4294967279,264
4294967279,8
4294967279,285
64,5
4294967279,262
64,4
64,3
64,2
64,1
4294967279,284
4294967279,5
4294967278,385
4294967279,258
63,5
63,4
63,3
63,2
63,1
4294967278,130
4294967294,392
4294967278,129
4294967278,256
4294967278,128
4294967278,127
4294967278,123
4294967278,126
4294967278,255
62,5
62,4
4294967278,254
62,3
62,2
62,1
4294967278,253
4294967278,384
4294967278,122
61,5
4294967278,250
61,4
61,3
61,2
61,1
4294967278,248
4294967278,119
4294967278,247
4294967278,118
4294967278,245
4294967278,117
4294967278,243
4294967278,116
4294967278,241
4294967294,469
4294967294,390
0,5
4294967278,112
4294967278,115
4294967278,239
4294967278,237
4294967278,236
4294967278,235
4294967294,2
4294967294,0
4294967278,234
4294967278,111
4294967278,233
4294967278,230
4294967278,228
0,7
4294967294,46
4294967294,1
4294967278,108
4294967278,227
4294967278,107
4294967278,225
4294967278,106
4294967278,223
4294967294,81
4294967294,50
4294967294,90
4294967294,87
4294967294,84
4294967294,413
4294967294,1246
4294967294,1086
4294967294,28
4294967294,1087
4294967294,27
4294967294,45
4294967294,37
4294967294,96
4294967294,94
4294967294,9
4294967294,8
4294967294,7
4294967278,105
4294967278,221
4294967294,6
4294967294,22
4294967294,93
4294967294,95
4294967294,17
4294967294,42
4294967294,67
4294967294,76
4294967294,39
4294967294,426
4294967294,417
4294967294,51
4294967294,470
4294967294,25
4294967294,26
4294967294,82
4294967279,449
4294967278,383
4294967278,382
54,5
54,4
54,3
54,2
54,1
53,5
53,4
53,3
53,2
53,1
52,5
52,4
52,3
52,2
52,1
4294967279,448
51,5
51,4
